min_pi: 0.0
min_pistd: 0.0
min_theta: 0.00024
min_tajD: -3.53159
min_achaz: -1.75985
min_pearsonR: -1.0
min_pearsonP: 0.0
min_nHaplo: 1.0
min_H1: 0.025
min_H2: 0.0
min_H12: 0.02625
min_H2overH1: 0.0
min_D: -0.11625
min_r2: 0.00066
max_pi: 0.13258
max_pistd: 0.01223
max_theta: 0.10062
max_tajD: 3.85808
max_achaz: -0.01808
max_pearsonR: 1.0
max_pearsonP: 1.0
max_nHaplo: 40.0
max_H1: 1.0
max_H2: 0.25
max_H12: 1.0
max_H2overH1: 0.975
max_D: 1.0
max_r2: 1.0
